010100000010110010101100010101110010101011000010
010100001010110010100100010100001010001101000111
110100001010110000100110111101101000010010001100
111000001010011000100110010010000011011111001011
111000001001011000100110001111101111000000101001
111000001001001001110010011000100101110101100010
101001001101001001110010100011001010100100111010
101001100101001101010010111001010101111001010000
001001100101001101010011110010111001101001000000
001011110101000101010001110100001100011100111100
000011110100000111011001000110010001111010001100
000111110100000110011001110110000111000010110001
000111110000100110001001001000110110101000101101
000110110010100010001101101100100011100110010010
000110010010110010001100101001010000001100110111
010100010010110010001100101001110100001111000000
